%YAML:1.0
---
camera_matrix: !!opencv-matrix
   rows: 3
   cols: 3
   dt: d
   data: [ 1.0419819400280132e+03, 0., 6.2597234456518549e+02, 0.,
       1.0351865726483725e+03, 3.4191654500809057e+02, 0., 0., 1. ]
distortion_coefficients: !!opencv-matrix
   rows: 1
   cols: 5
   dt: d
   data: [ 3.0342734330915375e-02, 3.2248480025307197e-01,
       -3.8493243477611145e-03, 2.3843916805658832e-03,
       -8.7877915269420903e-01 ]
