%YAML:1.0
---
camera_matrix: !!opencv-matrix
   rows: 3
   cols: 3
   dt: d
   data: [ 1.0691278033013248e+03, 0., 6.3459677795975472e+02, 0.,
       1.0657715222076379e+03, 3.3321751222595645e+02, 0., 0., 1. ]
distortion_coefficients: !!opencv-matrix
   rows: 1
   cols: 5
   dt: d
   data: [ 8.3154374940316828e-02, 2.0318953165866729e-01,
       -9.2584129140788844e-03, 5.3878921480057821e-03,
       -7.6966869365357493e-01 ]
