%YAML:1.0
---
camera_matrix: !!opencv-matrix
   rows: 3
   cols: 3
   dt: d
   data: [ 1.0904596227160378e+03, 0., 6.3693363932531702e+02, 0.,
       1.0810954352230694e+03, 3.2842946652543679e+02, 0., 0., 1. ]
distortion_coefficients: !!opencv-matrix
   rows: 1
   cols: 5
   dt: d
   data: [ 1.4343132161828021e-01, -1.1135836997109461e-01,
       -6.3865749049527385e-03, 6.3674691073391486e-03,
       -2.2520144186786650e-01 ]
